17.666 2.1  0.9  2.0  1.0
17.998 3.0  0.89 2.9  0.89
18.33  2.1  0.78 2.0  0.89
18.662 2.1  0.71 0.9  0.83
18.994 4.0  0.4  4.0  0.5
19.326 3.0  0.5  2.9  0.5
19.658 7.0  0.74 6.0  0.79
19.99  4.9  0.5  4.9  0.54
20.322 10.0 0.48 10.1 0.57
20.654 7.0  0.42 6.0  0.5
20.986 7.9  0.43 6.9  0.5
21.318 9.1  0.21 6.0  0.26
21.65  13.0 0.36 12.1 0.4
21.982 22.1 0.22 18.1 0.26
22.314 36.1 0.2  33.1 0.22
22.646 44.9 0.21 42.9 0.23
22.978 68.0 0.19 63.9 0.2
23.31  74.0 0.23 71.1 0.23
23.642 81.9 0.27 81.1 0.27
23.974 81.9 0.3  80.0 0.31
24.306 91.9 0.48 90.9 0.49
24.638 74.9 0.64 75.1 0.65
24.97  46.1 0.73 46.0 0.75
25.302 4.0  0.73 4.0  0.77
